100360
52239140
52694228
145782
48297954
68808085
3600326
57512437
5984465
1081903
36801527
4943299
32070325
57487166
3517779
5608876
2887377
3558544
3237138
5973690
3621486
3764946
3905947
5608866
34036896
38033384
47900324
2727625
38151919
74441247
57487164
3765029
42717448
2711496
52392975
3632045
57487166
3517779
3558544
5973690
3764946
5608866
34036896
2727625
57487164
3765029
42717448
5994235
51600761
88360561
3290029
3740765
41781555
74634529
4455120
6693727
96007894
37206403
3740764
3889815
3237138
38462729
5608866
3668021
4820342
41045634
31616479
52658887
4533192
66495824
53624347
2031395
34263983
95626815
33093824
65738453
48838246
33182057
3905961
99532311
6642163
34703473
4425572
43302138
3059100
5947485
3404784
42675845
32796408
46675495
55465876
3058273
54711673
32796405
34438283
52626697
48592021
42675873
3080188
37548416
31497567
52626410
37347740
32796433
42675838
36565220
80683921
37548163
84273645
84273639
84273641
84273646
84273644
84273642
84273643
84273637
84273652
84273647
84273655
84273640
84273658
84273638
84273651
84273654
84273653
84273650
31335795
68018577
33039503
77385722
946955
80128056
51168058
4995664
51615431
47119617
3879461
31882281
54539057
3247171
35321284
4061655
2507081
34570917
3879460
46322276
47104331
45590330
35533047
31882280
2704894
32330889
2503243
2704892
2503240
33030344
2482442
37736683
2829124
3107938
2704889
3584549
37736687
6947140
6947133
33122355
2704858
34956314
37736694
30992559
34437998
33108317
33483277
2704854
